rpbias 013 201901 401
rpbias 021 201901 315
rpbias 022 201901 316
rpbias 023 201901 313
rpbias 024 201901 317
rpbias 025 201901 303
rpbias 026 201901 318
rpbias 027 201901 314
rpbias 032 201901 320
rpbias 033 201901 310
rpbias 034 201901 305
rpbias 035 201901 202
rpbias 036 201901 302
rpbias 037 201901 306
rpbias 042 201901 321
rpbias 043 201901 323
rpbias 044 201901 304
rpbias 045 201901 312
rpbias 046 201901 309
rpbias 047 201901 308
rpbias 052 201901 301
rpbias 053 201901 311
rpbias 062 201901 324
rpbias 063 201901 322
rpbias 067 201901 205
rpbias 072 201901 325
rpbias 073 201901 203
rpbias 074 201901 307
rpbias 075 201901 047
rpbias 076 201901 025
rpbias 077 201901 204
rpbias 082 201901 326
rpbias 083 201901 319
rpbias 084 201901 041
rpbias 085 201901 027
rpbias 086 201901 017
rpbias 087 201901 328
rpbias 092 201901 327
rpbias 093 201901 008
rpbias 094 201901 032
rpbias 095 201901 020
rpbias 096 201901 038
rpbias 097 201901 329
rpbias 103 201901 013
rpbias 104 201901 016
rpbias 105 201901 051
rpbias 106 201901 012
